0.0
0.0
0.0
0.0
0.0
0.0
0.0
0.0
-1.0
4
0.0
0.0
-0.3333333333333333
0.0
0.0
0.0
0.3333333333333333
0.0
-0.3333333333333333
4
-1.0
0.0
0.0
0.0
0.0
0.0
0.0
0.0
0.0
8
-0.3333333333333333
0.0
-0.3333333333333333
0.3333333333333333
0.0
0.0
0.0
0.0
0.0
6
-0.2
0.2
-0.2
0.2
0.0
0.0
0.0
0.0
-0.2
5
-1.0
0.0
0.0
0.0
0.0
0.0
0.0
0.0
0.0
7
-0.3333333333333333
0.0
-0.3333333333333333
0.0
0.0
0.0
0.0
0.0
0.3333333333333333
6
-1.0
0.0
0.0
0.0
0.0
0.0
0.0
0.0
0.0
5
-0.3333333333333333
0.0
0.0
0.0
0.0
0.0
-0.3333333333333333
0.3333333333333333
0.0
2
-0.3333333333333333
0.0
-0.3333333333333333
0.0
0.0
0.3333333333333333
0.0
0.0
0.0
3
-0.3333333333333333
0.0
-0.3333333333333333
0.0
0.0
0.3333333333333333
0.0
0.0
0.0
6
-0.2
0.2
-0.2
0.0
0.0
0.2
-0.2
0.0
0.0
8
-1.0
0.0
0.0
0.0
0.0
0.0
0.0
0.0
0.0
6
-0.3333333333333333
0.0
-0.3333333333333333
0.0
0.0
0.3333333333333333
0.0
0.0
0.0
8
-1.0
0.0
0.0
0.0
0.0
0.0
0.0
0.0
0.0
2
-0.3333333333333333
0.0
0.0
0.0
0.0
0.0
-0.3333333333333333
0.3333333333333333
0.0
1
0.0
0.0
-1.0
0.0
0.0
0.0
0.0
0.0
0.0
6
-0.3333333333333333
0.0
-0.3333333333333333
0.0
0.0
0.0
0.0
0.3333333333333333
0.0
4
0.0
0.0
-1.0
0.0
0.0
0.0
0.0
0.0
0.0
8
0.0
0.0
-0.3333333333333333
0.0
0.0
0.0
0.3333333333333333
0.0
-0.3333333333333333
3
0.0
0.0
-1.0
0.0
0.0
0.0
0.0
0.0
0.0
5
0.0
0.0
-0.3333333333333333
0.0
0.0
0.0
0.3333333333333333
0.0
-0.3333333333333333
1
0.0
0.0
-0.3333333333333333
0.0
-0.3333333333333333
0.3333333333333333
0.0
0.0
0.0
8
-0.2
0.0
-0.2
0.0
-0.2
0.2
0.2
0.0
0.0
8
0.0
0.0
0.0
0.0
0.0
0.0
0.0
0.0
0.0
0
0.0
0.0
-0.5
0.0
0.0
0.5
0.0
0.0
0.0
7
0.0
-0.25
-0.25
0.0
0.0
0.25
0.0
0.0
0.25
4
0.16666666666666666
-0.16666666666666666
-0.16666666666666666
0.0
-0.16666666666666666
0.16666666666666666
0.0
0.0
0.16666666666666666
6
0.0
0.0
0.0
0.0
0.0
0.0
0.0
0.0
0.0
4
-0.5
0.5
0.0
0.0
0.0
0.0
0.0
0.0
0.0
8
-0.25
0.25
0.0
0.0
0.0
0.25
-0.25
0.0
0.0
7
-0.16666666666666666
0.16666666666666666
0.0
0.16666666666666666
-0.16666666666666666
0.16666666666666666
-0.16666666666666666
0.0
0.0
8
0.0
0.0
-0.3333333333333333
0.0
0.0
0.0
0.3333333333333333
0.0
-0.3333333333333333
0
0
0
0
0
0
0
-1.0
0
0
4
0
0.3333333333333333
0
0
0
0
-0.3333333333333333
0
-0.3333333333333333
2
0
0.2
0
0
-0.2
0
-0.2
0.2
-0.2
0
