0.0
0.0
0.0
0.0
0.0
0.0
0.0
0.0
0.0
8
0.0
0.0
0.0
0.0
0.0
0.0
-0.5
0.0
0.5
2
0.0
0.0
0.25
0.0
0.0
-0.25
-0.25
0.0
0.25
0
0.0
0.0
0.0
0.0
0.0
0.0
0.0
0.0
0.0
0
0.5
0.0
0.0
-0.5
0.0
0.0
0.0
0.0
0.0
2
0.25
-0.25
0.25
-0.25
0.0
0.0
0.0
0.0
0.0
8
0.5
0.0
0.0
0.0
0.0
0.0
0.0
0.0
-0.5
2
0.25
-0.25
0.25
0.0
0.0
0.0
0.0
0.0
-0.25
6
0.5
0.0
0.0
0.0
0.0
0.0
0.0
-0.5
0.0
6
0.25
0.0
0.0
-0.25
0.0
0.0
0.25
-0.25
0.0
2
0.5
0.0
0.0
0.0
0.0
-0.5
0.0
0.0
0.0
2
0.25
-0.25
0.25
0.0
0.0
-0.25
0.0
0.0
0.0
6
0.0
0.0
0.0
0.0
0.0
0.0
0.0
0.0
0.0
2
0.0
0.0
0.5
0.0
0.0
0.0
0.0
-0.5
0.0
0
0.0
0.0
0.5
0.0
0.0
0.0
-0.5
0.0
0.0
8
0.0
0.0
0.5
0.0
0.0
-0.5
0.0
0.0
0.0
4
0.0
0.0
0.25
0.0
0.25
-0.25
-0.25
0.0
0.0
0
0.0
0.0
0.0
0.0
0.0
-1.0
0.0
0.0
0.0
2
0.0
0.0
0.3333333333333333
0.0
0.0
-0.3333333333333333
0.0
0.0
-0.3333333333333333
1
0.0
-1.0
0.0
0.0
0.0
0.0
0.0
0.0
0.0
0
0.3333333333333333
-0.3333333333333333
0.0
0.0
0.0
-0.3333333333333333
0.0
0.0
0.0
6
0
0
0
0
0
0
0
0
0
6
0
-0.5
0
0
0
0
0.5
0
0
8
